['happiness', 8611, 1, 9.0607957346961658]
['there', 16419, 2, 9.0130472992520829]
['journey', 6028, 1, 8.7041705597463856]
['enough', 5001, 1, 8.5173931714189042]
['give', 9429, 2, 8.4583981449057326]
['greatness', 4692, 1, 8.4536142097733666]
['joy', 4617, 1, 8.4375004225069894]
['get', 16762, 4, 8.3405753375389615]
['things', 4085, 1, 8.3150770072941036]
['hours', 3558, 1, 8.1769538682257803]
['suggestion', 3113, 1, 8.0433421704416084]
['lyric', 2624, 1, 7.8724551500639794]
['outrage', 2574, 1, 7.8532163881560724]
['effort', 2529, 1, 7.8355792466699654]
['nothing', 4740, 2, 7.7706452341291765]
['playing', 2289, 1, 7.7358703199525669]
['till', 2258, 1, 7.7222347447096071]
['service', 2189, 1, 7.6912000975228629]
['can', 21798, 10, 7.6869884084552114]
['victory', 6498, 3, 7.6806374275609359]
['earth', 2139, 1, 7.668093709082406]
['more', 18925, 9, 7.6510145009694304]
['beating', 2089, 1, 7.6444407615565657]
['tournament', 1981, 1, 7.5913570466985512]
['killing', 1949, 1, 7.5750716995075607]
['lobby', 1928, 1, 7.564238475170491]
['today', 23835, 13, 7.5139610101773897]
['being', 12820, 7, 7.5128515814193477]
['patience', 1773, 1, 7.4804283060742076]
['days', 6825, 4, 7.44205325893327]
['track', 1589, 1, 7.3708601665367164]
['will', 44519, 29, 7.3363755133358222]
['telling', 1506, 1, 7.3172124083598389]
['outside', 1493, 1, 7.3085427975391903]
['thing', 2961, 2, 7.3001351475416456]
['going', 8678, 6, 7.2767868971302407]
['here', 9938, 7, 7.2582109231069527]
['strength', 1409, 1, 7.2506355118986798]
['forward', 2805, 2, 7.2460116373968511]
['way', 9112, 7, 7.1714373560717046]
['deal', 2516, 2, 7.1372784372603855]
['working', 2479, 2, 7.1224633514752451]
['count', 1208, 1, 7.0967213784947605]
['cos', 2340, 2, 7.0647590277918022]
['sick', 1139, 1, 7.0379059634471819]
['let', 5635, 5, 7.0273145140397766]
['hands', 1117, 1, 7.0184017990692009]
['guy', 1092, 1, 6.9957661563048505]
['straight', 1080, 1, 6.9847163201182658]
['peace', 7516, 7, 6.9788792114780431]
['guess', 1059, 1, 6.9650803456014065]
['people', 12693, 12, 6.9638992896001772]
['take', 10497, 10, 6.9562596880417518]
['cool', 4179, 4, 6.9515329013280249]
['must', 7293, 7, 6.9487601139289197]
['special', 9293, 9, 6.9397921302211198]
['member', 1024, 1, 6.9314718055994531]
['difference', 4032, 4, 6.9157234486313142]
['ideal', 1979, 2, 6.89719976504262]
['old', 5915, 6, 6.893487307184432]
['two', 2955, 3, 6.892641641172089]
['marks', 972, 1, 6.879355804460439]
['crazy', 968, 1, 6.8752320872765766]
['injury', 968, 1, 6.8752320872765766]
['occasion', 965, 1, 6.8721281013389861]
['catch', 2890, 3, 6.8703994924383682]
['cant', 962, 1, 6.8690144506657065]
['lot', 7666, 8, 6.8651087042606642]
['soul', 951, 1, 6.8575140625453903]
['home', 3800, 4, 6.8564619845945867]
['express', 1884, 2, 6.8480052745763631]
['ways', 919, 1, 6.8232861223556869]
['nail', 918, 1, 6.8221973906204907]
['meet', 6277, 7, 6.7987372892622187]
['sport', 891, 1, 6.7923444274708089]
['hour', 885, 1, 6.7855876450079293]
['heavy', 872, 1, 6.7707894239089796]
['nature', 859, 1, 6.7557689219842549]
['religious', 848, 1, 6.7428806357919031]
['three', 839, 1, 6.7322107064672059]
['better', 10840, 13, 6.7260489175321005]
['food', 2429, 3, 6.6966226403340627]
['loss', 3238, 4, 6.69641677311769]
['yesterday', 1616, 2, 6.694562058521095]
['little', 1600, 2, 6.6846117276679271]
['matter', 2377, 3, 6.6749821786920842]
['are', 63665, 82, 6.6546709927432826]
['fun', 4655, 6, 6.6539377204831123]
['times', 2326, 3, 6.6532930444104998]
['read', 3850, 5, 6.6463905148477291]
['why', 11367, 15, 6.6304194985845006]
['drop', 757, 1, 6.6293632534374485]
['go', 9811, 13, 6.6263101267018545]
['hell', 1502, 2, 6.6214056517641344]
['spoke', 749, 1, 6.6187389835172192]
['point', 1484, 2, 6.6093492431673804]
['hand', 1478, 2, 6.6052979209482015]
['few', 4386, 6, 6.5944134597497781]
['thread', 730, 1, 6.5930445341424369]
['reason', 4319, 6, 6.5790197037326461]
['place', 2815, 4, 6.5564231794539003]
['course', 702, 1, 6.5539334040258108]
['one', 26236, 38, 6.5373016326872406]
['temple', 689, 1, 6.5352412710136587]
['need', 7555, 11, 6.5320696019084696]
['cattle', 686, 1, 6.5308776277258849]
['slam', 683, 1, 6.5264948595707901]
['piece', 1358, 2, 6.5206211275586963]
['now', 21672, 32, 6.5180404809652046]
['rule', 2024, 3, 6.5142187417392465]
['cell', 673, 1, 6.5117453296447279]
['debut', 1315, 2, 6.4884447640519198]
['hug', 5898, 9, 6.4851440120390018]
['play', 3923, 6, 6.4828524769814972]
['opportunity', 651, 1, 6.4785096422085688]
['down', 7058, 11, 6.4640217314368451]
['week', 4462, 7, 6.4574422259371644]
['heart', 5085, 8, 6.4546087668028242]
['stand', 3811, 6, 6.4538874316458053]
['entertainer', 629, 1, 6.444131256700441]
['kill', 1258, 2, 6.444131256700441]
['reach', 1246, 2, 6.4345465187874531]
['rain', 3668, 6, 6.4156423641483009]
['strategy', 609, 1, 6.4118182677098972]
['a', 209385, 346, 6.405491166557244]
['still', 6654, 11, 6.4050781837800512]
['f', 4828, 8, 6.4027460405375862]
['success', 4208, 7, 6.3988326053622329]
['response', 2395, 4, 6.3948441487251246]
['hold', 597, 1, 6.3919171133926023]
['terror', 3544, 6, 6.3812518424969165]
['sharing', 1168, 2, 6.3699009828282271]
['works', 582, 1, 6.3664704477314382]
['rent', 579, 1, 6.3613024775729956]
['dark', 577, 1, 6.3578422665080998]
['saying', 2295, 4, 6.352193761374755]
['thinking', 1145, 2, 6.3500127354283951]
['fine', 1135, 2, 6.341240749355558]
['laugh', 566, 1, 6.3385940782031831]
['child', 1120, 2, 6.3279367837291947]
['spread', 2240, 4, 6.3279367837291947]
['festival', 1676, 3, 6.3255529923739182]
['details', 552, 1, 6.313548046277095]
['return', 1654, 3, 6.3123395869155274]
['fight', 4392, 8, 6.3080984415095305]
['soldier', 549, 1, 6.3080984415095305]
['stunt', 547, 1, 6.3044488024219811]
['dream', 4907, 9, 6.3011934587536835]
['moment', 5986, 11, 6.2992834156142736]
['host', 1627, 3, 6.2958808185509278]
['movement', 1084, 2, 6.2952660014396464]
['knock', 1083, 2, 6.2943430664410451]
['fall', 541, 1, 6.2934192788464811]
['win', 10253, 19, 6.290886645503651]
['present', 1056, 2, 6.2690962837062614]
['blood', 1051, 2, 6.264350190317006]
['left', 3649, 7, 6.2562982873811341]
['watch', 7742, 15, 6.2463651300353833]
['hang', 516, 1, 6.2461067654815627]
['cross', 3088, 6, 6.2435194419166118]
['wrong', 2566, 5, 6.2406656327414813]
['head', 2043, 4, 6.2358802336977313]
['year', 7656, 15, 6.2351947320305801]
['stay', 2030, 4, 6.2294967109159423]
['ring', 994, 2, 6.2085900260966289]
['step', 1984, 4, 6.2065759267249279]
['friend', 5435, 11, 6.2027195267569395]
['leadership', 494, 1, 6.2025355171879228]
['po', 494, 1, 6.2025355171879228]
['statement', 1461, 3, 6.1882641230825897]
['much', 20451, 43, 6.1645869443373327]
['opening', 1889, 4, 6.1575085063816193]
['over', 12629, 27, 6.1479141696418411]
['tell', 3270, 7, 6.1466351148359859]
['bed', 2332, 5, 6.1450436350362825]
['audio', 2325, 5, 6.1420374055873559]
['like', 34315, 74, 6.1392727621385657]
['nation', 3230, 7, 6.1343272671613889]
['whole', 2762, 6, 6.1319508647411824]
['arrogance', 459, 1, 6.1290502100605453]
['store', 914, 2, 6.1246833908942051]
['guest', 456, 1, 6.1224928095143865]
['column', 452, 1, 6.1136821798322316]
['saw', 2254, 5, 6.1110237821656215]
['weather', 1787, 4, 6.1019991540395377]
['know', 12850, 29, 6.0938032603368919]
['fellow', 886, 2, 6.0935697700451357]
['keep', 4852, 11, 6.0892509972655704]
['trip', 437, 1, 6.0799331950955899]
['status', 2176, 5, 6.0758056955417326]
['see', 12555, 29, 6.0705784416052113]
['accident', 864, 2, 6.0684255882441107]
['anniversary', 432, 1, 6.0684255882441107]
['clarity', 432, 1, 6.0684255882441107]
['faith', 860, 2, 6.0637852086876078]
['half', 858, 2, 6.061456918928017]
['blue', 2138, 5, 6.05818817915089]
['campaign', 1702, 4, 6.0532649480134291]
['at', 47059, 111, 6.0496272112744824]
['gear', 418, 1, 6.0354814325247563]
['excuse', 834, 2, 6.0330862217988015]
['friendly', 413, 1, 6.0234475929610332]
['luck', 11922, 29, 6.0188448817933979]
['tall', 408, 1, 6.0112671744041615]
['article', 815, 2, 6.0100409326809174]
['room', 2429, 6, 6.0034754597741173]
['candidate', 3227, 8, 5.9998666503721259]
['tradition', 402, 1, 5.9964520886190211]
['telecast', 401, 1, 5.9939614273065693]
['leave', 797, 2, 5.9877074982302698]
['game', 9957, 25, 5.9871552755198838]
['attempt', 395, 1, 5.978885764901122]
['finish', 1576, 4, 5.9763509092979339]
['solid', 389, 1, 5.9635793436184459]
['chocolate', 387, 1, 5.9584246930297819]
['sign', 1155, 3, 5.9532433342877846]
['position', 384, 1, 5.9506425525877269]
['think', 6895, 18, 5.948180032331237]
['thought', 1915, 5, 5.9480349891806457]
['waste', 4590, 12, 5.9467286532665904]
['energy', 1145, 3, 5.9445476273202305]
['death', 1898, 5, 5.939118066735773]
['ready', 3782, 10, 5.9354231562243571]
['minutes', 1129, 3, 5.9304752754815526]
['representative', 376, 1, 5.9295891433898946]
['well', 12755, 34, 5.9273181059597499]
['great', 18369, 49, 5.926599442035438]
['constitution', 373, 1, 5.9215784196438159]
['dynasty', 373, 1, 5.9215784196438159]
['talk', 1485, 4, 5.9168756901169095]
['stop', 4444, 12, 5.9144035009715203]
['practice', 2953, 8, 5.9111353400640869]
['hearing', 369, 1, 5.9107966440405271]
['hotel', 2583, 7, 5.9107966440405271]
['power', 5140, 14, 5.9057510288339525]
['row', 367, 1, 5.9053618480545707]
['blockbuster', 364, 1, 5.8971538676367405]
['creature', 363, 1, 5.8944028342648505]
['looking', 3984, 11, 5.8921463459061183]
['river', 362, 1, 5.8916442118257715]
['contribution', 361, 1, 5.8888779583328805]
['innings', 1075, 3, 5.8814636518936538]
['eyes', 1074, 3, 5.8805329864007003]
['senior', 712, 2, 5.8749307308520304]
['evening', 1418, 4, 5.8707083459721821]
['result', 3187, 9, 5.8696107370811168]
['walk', 354, 1, 5.8692969131337742]
['lead', 700, 2, 5.857933154483459]
['art', 700, 2, 5.857933154483459]
['mob', 3843, 11, 5.8561133177664733]
['second', 3802, 11, 5.8453872502500035]
['short', 691, 2, 5.8449926432077248]
['basic', 343, 1, 5.8377304471659395]
['wit', 342, 1, 5.8348107370626048]
['fever', 341, 1, 5.8318824772835169]
['past', 1360, 4, 5.8289456176102075]
['ur', 17678, 52, 5.828832489039466]
['running', 339, 1, 5.8260001073804499]
['world', 12400, 37, 5.8145338389489041]
['best', 27460, 82, 5.8137664320577089]
['sea', 333, 1, 5.8081424899804439]
['least', 1331, 4, 5.8073914572752212]
['doll', 332, 1, 5.8051349689164882]
['flat', 660, 2, 5.7990926544605257]
['possible', 1633, 5, 5.7887361805363646]
['screening', 326, 1, 5.7868973813667077]
['partner', 325, 1, 5.7838251823297373]
['true', 5779, 18, 5.7716141784216131]
['shot', 963, 3, 5.7714411231300158]
['event', 1283, 4, 5.7706620034957457]
['felt', 962, 3, 5.7704021619975965]
['lack', 320, 1, 5.768320995793772]
['recovery', 320, 1, 5.768320995793772]
['sell', 315, 1, 5.7525726388256331]
['centre', 315, 1, 5.7525726388256331]
['person', 3147, 10, 5.7516198040703612]
['ideology', 627, 2, 5.7477993600729755]
['yes', 1560, 5, 5.7430031878094825]
['sweet', 4665, 15, 5.7397929121792339]
['dead', 1243, 4, 5.7389887303908207]
['sleep', 928, 3, 5.7344194441180907]
['first', 9269, 30, 5.7332333962136772]
['right', 7084, 23, 5.730099782973574]
['situation', 614, 2, 5.7268477475871968]
['doubt', 915, 3, 5.7203117766074119]
['wonder', 606, 2, 5.7137328055093688]
['catching', 303, 1, 5.7137328055093688]
['dis', 1207, 4, 5.7095988599776408]
['hel', 300, 1, 5.7037824746562009]
['crying', 297, 1, 5.6937321388026998]
['water', 888, 3, 5.6903594543240601]
['memory', 591, 2, 5.6886688368461531]
['u', 91931, 312, 5.6857903868309911]
['officer', 882, 3, 5.6835797673386814]
['no', 21701, 74, 5.6810485282119032]
['announcement', 869, 3, 5.6687308365972822]
['attack', 3765, 13, 5.6685537827724577]
['closet', 288, 1, 5.6629604801359461]
['evidence', 574, 2, 5.6594822157596214]
['gentleman', 286, 1, 5.6559918108198524]
['steps', 286, 1, 5.6559918108198524]
['international', 855, 3, 5.6524891802686508]
['self', 1704, 6, 5.6489742381612063]
['ass', 284, 1, 5.6489742381612063]
['warning', 283, 1, 5.6454468976432377]
['look', 12165, 43, 5.6451181395240608]
['work', 5302, 19, 5.6314004076825306]
['roads', 835, 3, 5.6288194361827459]
['d', 8054, 29, 5.6266283114249251]
['country', 9152, 33, 5.6252201521530987]
['square', 277, 1, 5.6240175061873385]
['writing', 826, 3, 5.6179824848528686]
['meme', 275, 1, 5.6167710976665717]
['learning', 273, 1, 5.6094717951849598]
['daughter', 1636, 6, 5.6082500479346375]
['law', 2166, 8, 5.6011958858810997]
['crap', 270, 1, 5.598421958998375]
['progress', 269, 1, 5.5947113796018391]
['admission', 269, 1, 5.5947113796018391]
['brain', 1070, 4, 5.5891195663360609]
['shoot', 2396, 9, 5.5843313818991209]
['content', 266, 1, 5.5834963087816991]
['responsibility', 265, 1, 5.579729825986222]
['day', 22706, 86, 5.5760371894709708]
['justice', 789, 3, 5.5721540321777647]
['press', 2892, 11, 5.5718083104802849]
['end', 2891, 11, 5.5714624692179751]
['specific', 262, 1, 5.5683445037610966]
['words', 4442, 17, 5.5656466603981567]
['protest', 5738, 22, 5.5638235431829939]
['open', 2084, 8, 5.5626028611934215]
['street', 521, 2, 5.5626028611934215]
['good', 19783, 76, 5.5618449217417609]
['third', 520, 2, 5.5606816310155276]
['fraud', 260, 1, 5.5606816310155276]
['due', 1034, 4, 5.5548956939484837]
['sentence', 258, 1, 5.5529595849216173]
['freedom', 1534, 6, 5.5438745126991469]
['governor', 511, 2, 5.543222409643759]
['victim', 765, 3, 5.5412635451584258]
['hope', 4072, 16, 5.5393008359905771]
['last', 4580, 18, 5.5390825192120658]
['colleague', 759, 3, 5.5333894887275203]
['spin', 504, 2, 5.5294290875114234]
['som', 250, 1, 5.521460917862246]
['choice', 1240, 5, 5.5134287461649825]
['treat', 495, 2, 5.5114105820087449]
['shining', 247, 1, 5.5093883366279774]
['empty', 246, 1, 5.5053315359323625]
['town', 737, 3, 5.5039756035212273]
['part', 5643, 23, 5.5026769020399904]
['save', 735, 3, 5.5012582105447274]
['community', 1223, 5, 5.4996242232530719]
['nomination', 489, 2, 5.4992153089149269]
['crowd', 1222, 5, 5.4988062272974405]
['birthday', 17565, 72, 5.4969974456838724]
['state', 2439, 10, 5.4967583052218743]
['masters', 243, 1, 5.4930614433405482]
['struggle', 482, 2, 5.4847969334906548]
['cousin', 241, 1, 5.4847969334906548]
['winner', 474, 2, 5.4680601411351315]
['care', 2364, 10, 5.4655252855319434]
['small', 1654, 7, 5.4650417265283231]
['commitment', 236, 1, 5.4638318050256105]
['city', 1650, 7, 5.4626204178393127]
['beat', 1178, 5, 5.4621354517774314]
['voice', 4945, 21, 5.4616098063333895]
['night', 6770, 29, 5.4529605359198463]
['contest', 1166, 5, 5.4518964544763371]
['religion', 2548, 11, 5.4451687438936833]
['birth', 1155, 5, 5.4424177105217932]
['latest', 923, 4, 5.4413348733829618]
['lover', 461, 2, 5.4402508624367032]
['green', 916, 4, 5.43372200355424]
['stupid', 915, 4, 5.4326297041556311]
['traffic', 1135, 5, 5.4249500174814029]
['woman', 1587, 7, 5.4236905714710959]
['performance', 4295, 19, 5.4207678552519152]
['letter', 676, 3, 5.4175807873748543]
['park', 223, 1, 5.4071717714601188]
['upset', 445, 2, 5.4049271016062947]
['high', 1555, 7, 5.403320675558021]
['history', 1995, 9, 5.4011747519877442]
['means', 2213, 10, 5.3995192470570039]
['pro', 221, 1, 5.3981627015177525]
['habit', 442, 2, 5.3981627015177525]
['mind', 2422, 11, 5.3944536513146675]
['innocent', 1541, 7, 5.3942766862648028]
['sympathy', 219, 1, 5.389071729816501]
['channels', 1749, 8, 5.387357933338766]
['teach', 217, 1, 5.3798973535404597]
['operation', 216, 1, 5.3752784076841653]
['official', 1293, 6, 5.3729609095438029]
['r', 17666, 82, 5.3726779200408243]
['shop', 640, 3, 5.3628558876856083]
['back', 7179, 34, 5.3525548519603214]
['money', 4009, 19, 5.3518581334760666]
['fact', 1470, 7, 5.3471075307174685]
['cap', 210, 1, 5.3471075307174685]
['mentality', 208, 1, 5.3375380797013179]
['increase', 207, 1, 5.3327187932653688]
['break', 1240, 6, 5.3311071893710276]
['economy', 410, 2, 5.3230099791384085]
['call', 2839, 14, 5.3121498268577128]
['control', 2426, 12, 5.3090924397159949]
['audience', 404, 2, 5.3082676974012051]
['defeat', 604, 3, 5.3049619092667051]
['investigation', 201, 1, 5.3033049080590757]
['cost', 201, 1, 5.3033049080590757]
['immigration', 201, 1, 5.3033049080590757]
['morning', 4593, 23, 5.2967944683966435]
['credibility', 199, 1, 5.2933048247244923]
['relationship', 199, 1, 5.2933048247244923]
['worse', 198, 1, 5.2882670306945352]
['side', 2374, 12, 5.2874249253816128]
['rock', 985, 5, 5.2832037287379885]
['drive', 586, 3, 5.2747075009089031]
['rush', 194, 1, 5.2678581590633282]
['caption', 194, 1, 5.2678581590633282]
['nice', 5033, 26, 5.2656749687548778]
['test', 2314, 12, 5.2618262579656214]
['expression', 578, 3, 5.2609615800042677]
['bear', 192, 1, 5.2574953720277815]
['rally', 192, 1, 5.2574953720277815]
['clear', 1533, 8, 5.2555403371919782]
['probe', 190, 1, 5.2470240721604862]
['duet', 379, 2, 5.2443890245224809]
['network', 1324, 7, 5.2425025874416402]
['beard', 189, 1, 5.2417470150596426]
['land', 1323, 7, 5.2417470150596426]
['pattern', 189, 1, 5.2417470150596426]
['aim', 188, 1, 5.2364419628299492]
['genius', 751, 4, 5.2351112906442445]
['crime', 929, 5, 5.2246708263797386]
['shift', 557, 3, 5.2239529512591742]
['jacket', 371, 2, 5.2230548820474896]
['w', 2213, 12, 5.217197690263049]
['meeting', 1106, 6, 5.2167457128542249]
['life', 12164, 66, 5.2165813067708298]
['exchange', 184, 1, 5.2149357576089859]
['proof', 547, 3, 5.2058365137538711]
['love', 45824, 252, 5.2031341628088938]
['sent', 362, 2, 5.1984970312658261]
['appeal', 361, 2, 5.195730777772936]
['madness', 902, 5, 5.1951766076285235]
['opinion', 1260, 7, 5.1929568508902104]
['toll', 180, 1, 5.1929568508902104]
['intelligence', 179, 1, 5.1873858058407549]
['tribute', 532, 3, 5.1780312006735345]
['then', 4605, 26, 5.1768014106679248]
['health', 1587, 9, 5.1723761431901893]
['newspaper', 349, 2, 5.1619247416424816]
['order', 695, 4, 5.1576174844449012]
['debt', 347, 2, 5.1561775993869139]
['wise', 172, 1, 5.1474944768134527]
['disco', 172, 1, 5.1474944768134527]
['enemy', 171, 1, 5.1416635565026603]
['bend', 171, 1, 5.1416635565026603]
['slave', 342, 2, 5.1416635565026603]
['airport', 341, 2, 5.1387352967235715]
['black', 1528, 9, 5.1344903923902461]
['railway', 507, 3, 5.1298987149230735]
['allergy', 338, 2, 5.1298987149230735]
['touch', 505, 3, 5.1259461406072502]
['current', 504, 3, 5.1239639794032588]
['lesson', 167, 1, 5.1179938124167554]
['education', 662, 4, 5.1089711948171175]
['area', 658, 4, 5.1029105702054265]
['flight', 329, 2, 5.1029105702054265]
['blast', 1315, 8, 5.102150402932029]
['plea', 164, 1, 5.0998664278241987]
['convert', 163, 1, 5.0937502008067623]
['white', 648, 4, 5.0875963352323836]
['heat', 161, 1, 5.0814043649844631]
['democracy', 802, 5, 5.0776706954324142]
['delay', 160, 1, 5.0751738152338266]
['mean', 2071, 13, 5.0708375039340474]
['mother', 1747, 11, 5.0677600373356864]
['field', 1110, 7, 5.0662051452510664]
['job', 3167, 20, 5.0648077729846488]
['setting', 158, 1, 5.0625950330269669]
['flow', 157, 1, 5.0562458053483077]
['identity', 157, 1, 5.0562458053483077]
['sedition', 157, 1, 5.0562458053483077]
['t', 6243, 40, 5.0503366609478073]
['fuck', 156, 1, 5.0498560072495371]
['funds', 154, 1, 5.0369526024136295]
['rest', 1384, 9, 5.0355085588413955]
['teaching', 153, 1, 5.0304379213924353]
['capital', 153, 1, 5.0304379213924353]
['club', 916, 6, 5.0282568954460753]
['student', 305, 2, 5.0271645960474665]
['brother', 4862, 32, 5.0234692520763424]
['stadium', 298, 2, 5.0039463059454592]
['stone', 298, 2, 5.0039463059454592]
['internet', 149, 1, 5.0039463059454592]
['celebration', 742, 5, 4.9999113307332799]
['fitness', 148, 1, 4.9972122737641147]
['torture', 148, 1, 4.9972122737641147]
['fear', 439, 3, 4.9858871244070615]
['season', 584, 4, 4.9836066217083363]
['change', 4082, 28, 4.982137833194586]
['top', 1309, 9, 4.9797941885736803]
['reaction', 436, 3, 4.9790299546809251]
['century', 725, 5, 4.9767337424205742]
['personal', 579, 4, 4.9750081164531048]
['act', 1874, 13, 4.9708811053368311]
['friendship', 144, 1, 4.9698132995760007]
['house', 1287, 9, 4.962844630259907]
['picking', 143, 1, 4.962844630259907]
['artwork', 143, 1, 4.962844630259907]
['intent', 142, 1, 4.9558270576012609]
['alliance', 142, 1, 4.9558270576012609]
['greeting', 142, 1, 4.9558270576012609]
['concept', 283, 2, 4.9522997170832923]
['office', 1125, 8, 4.9460967729586844]
['meat', 701, 5, 4.9430699746004896]
['click', 839, 6, 4.9404512372391514]
['question', 1670, 12, 4.9356722556228005]
['truth', 834, 6, 4.9344739331306915]
['source', 139, 1, 4.9344739331306915]
['cooperation', 137, 1, 4.9199809258281251]
['st', 137, 1, 4.9199809258281251]
['support', 9022, 66, 4.9177665759419158]
['prime', 273, 2, 4.9163246146250144]
['tour', 1089, 8, 4.9135735812531243]
['stake', 136, 1, 4.9126548857360524]
['bitter', 135, 1, 4.9052747784384296]
['score', 534, 4, 4.8941014778403042]
['may', 5989, 45, 4.8910172424941427]
['decision', 798, 6, 4.8903491282217537]
['traitor', 133, 1, 4.8903491282217537]
['symbol', 133, 1, 4.8903491282217537]
['aged', 133, 1, 4.8903491282217537]
['mix', 265, 2, 4.8865826454262766]
['focus', 791, 6, 4.8815384985395989]
['mark', 790, 6, 4.880273476233012]
['hypocrisy', 131, 1, 4.8751973232011512]
['association', 131, 1, 4.8751973232011512]
['attire', 131, 1, 4.8751973232011512]
['teaser', 2088, 16, 4.8713732267627483]
['screen', 1301, 10, 4.8683033855184599]
['train', 2202, 17, 4.863907973226409]
['race', 259, 2, 4.8636808811395928]
['fault', 129, 1, 4.8598124043616719]
['uniform', 258, 2, 4.8598124043616719]
['dad', 1030, 8, 4.8578725395438456]
['girl', 1930, 15, 4.857225080796721]
['real', 3209, 25, 4.8548388162416565]
['boy', 1537, 12, 4.8526810937505953]
['shed', 128, 1, 4.8520302639196169]
['drink', 128, 1, 4.8520302639196169]
['feat', 128, 1, 4.8520302639196169]
['incident', 764, 6, 4.8468083199384653]
['raid', 509, 4, 4.8461536554306317]
['bout', 127, 1, 4.8441870864585912]
['extra', 380, 3, 4.8415589640523216]
['advice', 252, 2, 4.836281906951478]
['inclusion', 126, 1, 4.836281906951478]
['poster', 3392, 27, 4.8333381309074648]
['culture', 628, 5, 4.833102254034098]
['conference', 500, 4, 4.8283137373023015]
['bias', 125, 1, 4.8283137373023015]
['move', 1374, 11, 4.8275861999839238]
['turnout', 249, 2, 4.824305715904762]
['border', 3352, 27, 4.8214755955976445]
['wedding', 124, 1, 4.8202815656050371]
['con', 124, 1, 4.8202815656050371]
['start', 2593, 21, 4.8160483478152418]
['frame', 123, 1, 4.8121843553724171]
['attention', 615, 5, 4.8121843553724171]
['accent', 123, 1, 4.8121843553724171]
['obsession', 123, 1, 4.8121843553724171]
['security', 1106, 9, 4.8112806047460603]
['carry', 368, 3, 4.8094706495008213]
['subject', 368, 3, 4.8094706495008213]
['safe', 855, 7, 4.8051913198814473]
['dowry', 122, 1, 4.8040210447332568]
['story', 5571, 46, 4.7966884535317202]
['share', 3987, 33, 4.794286785914875]
['angel', 1932, 16, 4.7937222925326823]
['i', 11550, 96, 4.7900925244821035]
['man', 9723, 81, 4.7878003371372184]
['peak', 120, 1, 4.7874917427820458]
['weight', 240, 2, 4.7874917427820458]
['appeasement', 120, 1, 4.7874917427820458]
['worry', 834, 7, 4.7803232533034334]
['noon', 119, 1, 4.7791234931115296]
['fill', 238, 2, 4.7791234931115296]
['elements', 119, 1, 4.7791234931115296]
['headline', 118, 1, 4.7706846244656651]
['feel', 4219, 36, 4.7638344736682283]
['fair', 817, 7, 4.7597289458046896]
['supporter', 233, 2, 4.7578912730057557]
['face', 2326, 20, 4.7561730595246186]
['secret', 348, 3, 4.7535901911063645]
['mention', 1041, 9, 4.7507124912787493]
['scam', 346, 3, 4.7478264863896147]
['spokesperson', 345, 3, 4.7449321283632502]
['fourth', 115, 1, 4.7449321283632502]
['name', 5817, 51, 4.7367143111864358]
['television', 114, 1, 4.7361984483944957]
['star', 2507, 22, 4.7357996447999779]
['feeling', 1250, 11, 4.7330035574979759]
['young', 1928, 17, 4.7310251311142748]
['cricket', 16051, 142, 4.7276993743119569]
['location', 113, 1, 4.7273878187123408]
['carter', 113, 1, 4.7273878187123408]
['simple', 902, 8, 4.7251729783827878]
['piracy', 225, 2, 4.7229532216444747]
['society', 673, 6, 4.7199858604166725]
['stock', 224, 2, 4.7184988712950942]
['simplicity', 112, 1, 4.7184988712950942]
['cut', 558, 5, 4.7149210499472103]
['blind', 223, 2, 4.7140245909001735]
['lady', 1113, 10, 4.7122292582814991]
['episode', 996, 9, 4.7065226802483791]
['color', 442, 4, 4.705015520957808]
['mum', 220, 2, 4.7004803657924166]
['transaction', 110, 1, 4.7004803657924166]
['process', 219, 2, 4.6959245492565556]
['reality', 436, 4, 4.6913478822291435]
['congratulation', 109, 1, 4.6913478822291435]
['treatment', 649, 6, 4.683673247476035]
['teacher', 108, 1, 4.6821312271242199]
['intolerance', 536, 5, 4.6746962486367014]
['word', 2787, 26, 4.6746244894604665]
['link', 1600, 15, 4.6697087071256629]
['gather', 106, 1, 4.6634390941120669]
['residence', 106, 1, 4.6634390941120669]
['committee', 106, 1, 4.6634390941120669]
['cook', 106, 1, 4.6634390941120669]
['training', 529, 5, 4.6615505194241988]
['nationalist', 317, 3, 4.6602894852091712]
['failure', 422, 4, 4.6587109529161213]
['system', 633, 6, 4.6587109529161213]
['entry', 316, 3, 4.6571299249188023]
['month', 947, 9, 4.6560745158498591]
['case', 2512, 24, 4.650780697240144]
['entertainment', 313, 3, 4.6475909018720438]
['cheer', 626, 6, 4.6475909018720438]
['masterpiece', 104, 1, 4.6443908991413725]
['agenda', 1448, 14, 4.6388812433304034]
['report', 1446, 14, 4.6374990731034513]
['project', 413, 4, 4.6371532318411424]
['management', 103, 1, 4.6347289882296359]
['unit', 103, 1, 4.6347289882296359]
['universe', 205, 2, 4.6298627985784631]
['thanks', 3378, 33, 4.6285315359012653]
['district', 307, 3, 4.6282354589190877]
['quality', 409, 4, 4.6274207949229114]
['creation', 102, 1, 4.6249728132842707]
['following', 508, 5, 4.6210435351443815]
['tiger', 405, 4, 4.6175927059866488]
['excitement', 302, 3, 4.6118147287067597]
['painting', 402, 4, 4.6101577274991303]
['low', 400, 4, 4.6051701859880918]
['n', 16965, 170, 4.6031092401680684]
['delivery', 199, 2, 4.6001576441645469]
['argument', 199, 2, 4.6001576441645469]
['coach', 5127, 52, 4.5910322532022736]
['red', 689, 7, 4.5893311219583452]
['issue', 1180, 12, 4.5883630676717102]
['bet', 295, 3, 4.5883630676717102]
['leader', 1276, 13, 4.5865361064431989]
['court', 588, 6, 4.5849674786705723]
['awe', 98, 1, 4.5849674786705723]
['essay', 98, 1, 4.5849674786705723]
['session', 488, 5, 4.580877493419047]
['compliment', 195, 2, 4.5798523780038014]
['darling', 776, 8, 4.5747109785033828]
['ship', 97, 1, 4.5747109785033828]
['fit', 674, 7, 4.5673199618569935]
['bread', 96, 1, 4.5643481914678361]
['dog', 765, 8, 4.5604342921466996]
['welcome', 857, 9, 4.5562133412615609]
['trust', 856, 9, 4.5550457988055228]
['bliss', 95, 1, 4.5538768916005408]
['puff', 95, 1, 4.5538768916005408]
['father', 2464, 26, 4.5514447866319285]
['free', 2270, 24, 4.5494812801275026]
['government', 1417, 15, 4.5482470385884701]
['baby', 2361, 25, 4.5479647122173121]
['balance', 283, 3, 4.5468346089751277]
['idea', 1602, 17, 4.5457947835720889]
['fake', 2251, 24, 4.5410760105587871]
['scene', 749, 8, 4.5392974418373839]
['pose', 187, 2, 4.5379614362946414]
['kick', 186, 2, 4.5325994931532563]
['liar', 92, 1, 4.5217885770490405]
['corner', 92, 1, 4.5217885770490405]
['protection', 92, 1, 4.5217885770490405]
['line', 92, 1, 4.5217885770490405]
['agent', 642, 7, 4.5186781546346477]
['chest', 91, 1, 4.5108595065168497]
['yawn', 91, 1, 4.5108595065168497]
['tax', 721, 8, 4.5011975956051131]
['smoke', 90, 1, 4.499809670330265]
['romance', 359, 4, 4.4970280273683887]
['central', 269, 3, 4.4960990909337291]
['importance', 179, 2, 4.4942386252808095]
['science', 89, 1, 4.4886363697321396]
['guidance', 89, 1, 4.4886363697321396]
['opposition', 798, 9, 4.4848840201135891]
['building', 266, 3, 4.4848840201135891]
['music', 5402, 61, 4.4836506701792498]
['ball', 797, 9, 4.4836301014539961]
['logic', 619, 7, 4.4821951236292827]
['group', 883, 10, 4.4807401076099147]
['jump', 88, 1, 4.4773368144782069]
['couple', 439, 5, 4.475061500641071]
['cancer', 261, 3, 4.4659081186545837]
['coincidence', 87, 1, 4.4659081186545837]
['buddy', 344, 4, 4.4543472962535073]
['six', 258, 3, 4.4543472962535073]
['repeat', 936, 11, 4.4437202036792218]
['silly', 85, 1, 4.4426512564903167]
['strike', 594, 7, 4.4409691703073317]
['notification', 424, 5, 4.4402955427978572]
['queen', 339, 4, 4.43970574626056]
['comment', 1688, 20, 4.4355674016019115]
['ten', 168, 2, 4.4308167988433134]
['numbers', 419, 5, 4.4284330074880369]
['daily', 835, 10, 4.42484663185681]
['planning', 250, 3, 4.4228486291941369]
['set', 3245, 39, 4.4213089830085437]
['emergency', 659, 8, 4.411281992822671]
['road', 1728, 21, 4.410197511640578]
['brand', 821, 10, 4.4079380164583828]
['boycott', 492, 6, 4.4067192472642533]
['air', 895, 11, 4.3989284454764848]
['light', 3001, 37, 4.3957829327961431]
['moon', 405, 5, 4.3944491546724391]
['interest', 891, 11, 4.3944491546724391]
['election', 1534, 19, 4.3911950027607611]
['politics', 2254, 28, 4.3882571844245177]
['worst', 402, 5, 4.3870141761849206]
['company', 482, 6, 4.3861846448225457]
['stick', 241, 3, 4.3861846448225457]
['wine', 80, 1, 4.3820266346738812]
['tank', 80, 1, 4.3820266346738812]
['bark', 80, 1, 4.3820266346738812]
['view', 554, 7, 4.3712545376919705]
['counter', 158, 2, 4.3694478524670215]
['stomach', 237, 3, 4.3694478524670215]
['sarcasm', 79, 1, 4.3694478524670215]
['warrior', 235, 3, 4.3609732254760489]
['stage', 939, 12, 4.359908829420263]
['action', 2783, 36, 4.3477658230697811]
['contract', 77, 1, 4.3438054218536841]
['foundation', 77, 1, 4.3438054218536841]
['finger', 77, 1, 4.3438054218536841]
['final', 3380, 44, 4.3414413545588033]
['study', 384, 5, 4.3412046401536264]
['fame', 230, 3, 4.3394670202550856]
['discussion', 152, 2, 4.3307333402863311]
['conclusion', 76, 1, 4.3307333402863311]
['intention', 76, 1, 4.3307333402863311]
['aggression', 76, 1, 4.3307333402863311]
['favorite', 683, 9, 4.329270282234571]
['reporter', 1214, 16, 4.3290872493796622]
['respect', 3636, 48, 4.3274384443894789]
['cow', 2115, 28, 4.3246055813051747]
['book', 1809, 24, 4.3224756550473495]
['profession', 225, 3, 4.3174881135363101]
['stature', 75, 1, 4.3174881135363101]
['sleeping', 150, 2, 4.3174881135363101]
['intellectual', 149, 2, 4.3107991253855138]
['bye', 520, 7, 4.3079186625201595]
['offer', 445, 6, 4.3063148129381856]
['school', 1036, 14, 4.3040650932041702]
['president', 1915, 26, 4.2993763635932645]
['video', 7425, 101, 4.2974874468296411]
['update', 953, 13, 4.2946655461926655]
['national', 1024, 14, 4.2924144759841942]
['expose', 584, 8, 4.290459441148391]
['feedback', 219, 3, 4.290459441148391]
['aircraft', 73, 1, 4.290459441148391]
['miss', 3643, 50, 4.2885397915804173]
['fashion', 291, 4, 4.287028906051602]
['criminal', 799, 11, 4.2854656729679039]
['figure', 217, 3, 4.2812850648723497]
['cat', 72, 1, 4.2766661190160553]
['price', 216, 3, 4.2766661190160553]
['collect', 72, 1, 4.2766661190160553]
['journalism', 1079, 15, 4.2757397641559249]
['dada', 143, 2, 4.2696974496999616]
['suit', 1279, 18, 4.2634620436826784]
['release', 5115, 72, 4.2632665593696712]
['cream', 284, 4, 4.2626798770413155]
['council', 71, 1, 4.2626798770413155]
['principle', 71, 1, 4.2626798770413155]
['complaint', 566, 8, 4.2591525365233469]
['positive', 495, 7, 4.2586476135133768]
['space', 423, 6, 4.255612709818223]
['delicious', 70, 1, 4.2484952420493594]
['riot', 140, 2, 4.2484952420493594]
['trade', 349, 5, 4.2456340097683265]
['advance', 695, 10, 4.2413267525707461]
['sex', 417, 6, 4.2413267525707461]
['monsoon', 69, 1, 4.2341065045972597]
['mentor', 69, 1, 4.2341065045972597]
['implementation', 69, 1, 4.2341065045972597]
['yellow', 69, 1, 4.2341065045972597]
['swing', 69, 1, 4.2341065045972597]
['bomber', 69, 1, 4.2341065045972597]
['combination', 138, 2, 4.2341065045972597]
['slaughter', 342, 5, 4.2253728246285052]
['loan', 273, 4, 4.223177434065069]
['shame', 2183, 32, 4.2227194537502175]
['amount', 136, 2, 4.219507705176107]
['register', 68, 1, 4.219507705176107]
['emotion', 68, 1, 4.219507705176107]
['vest', 68, 1, 4.219507705176107]
['section', 68, 1, 4.219507705176107]
['wish', 8286, 122, 4.2183015779040902]
['standard', 407, 6, 4.2170537162145401]
['wash', 135, 2, 4.2121275978784842]
['corruption', 539, 8, 4.2102740292291614]
['impress', 268, 4, 4.2046926193909657]
['designer', 134, 2, 4.2046926193909657]
['blame', 334, 5, 4.2017030805426003]
['request', 1333, 20, 4.1994550466247178]
['solution', 199, 3, 4.1946925360563823]
['professor', 66, 1, 4.1896547420264252]
['sky', 66, 1, 4.1896547420264252]
['bone', 66, 1, 4.1896547420264252]
['promise', 393, 6, 4.1820501426412067]
['ethics', 131, 2, 4.1820501426412067]
['flies', 65, 1, 4.1743872698956368]
['popcorn', 65, 1, 4.1743872698956368]
['complex', 65, 1, 4.1743872698956368]
['blowing', 194, 3, 4.1692458703952182]
['shooting', 1033, 16, 4.167633746879857]
['butt', 129, 2, 4.1666652238017265]
['dinner', 257, 4, 4.1627817237753293]
['out', 24664, 385, 4.159856635278202]
['conditions', 128, 2, 4.1588830833596715]
['fiction', 64, 1, 4.1588830833596715]
['message', 2234, 35, 4.1562009181397324]
['youth', 954, 15, 4.1526134703460764]
['wait', 5652, 89, 4.151128374072278]
['sister', 317, 5, 4.1494638614431798]
['fool', 253, 4, 4.1470951276076295]
['god', 1516, 24, 4.1457767358543709]
['time', 22347, 354, 4.145150449710612]
['site', 252, 4, 4.1431347263915326]
['five', 126, 2, 4.1431347263915326]
['journalist', 1763, 28, 4.1425676722226665]
['l', 1133, 18, 4.142252503131842]
['singer', 935, 15, 4.1324963281864768]
['bond', 249, 4, 4.1311585353448166]
['ground', 744, 12, 4.1271343850450917]
['research', 124, 2, 4.1271343850450917]
['universal', 62, 1, 4.1271343850450917]
['nationalism', 124, 2, 4.1271343850450917]
['ruin', 61, 1, 4.1108738641733114]
['membership', 61, 1, 4.1108738641733114]
['pressure', 366, 6, 4.1108738641733114]
['driver', 362, 6, 4.0998847425977161]
['check', 1025, 17, 4.0992345475162928]
['coverage', 241, 4, 4.098502572370764]
['development', 241, 4, 4.098502572370764]
['sand', 60, 1, 4.0943445622221004]
['maturity', 60, 1, 4.0943445622221004]
['design', 60, 1, 4.0943445622221004]
['product', 180, 3, 4.0943445622221004]
['destination', 60, 1, 4.0943445622221004]
['electric', 60, 1, 4.0943445622221004]
['curse', 60, 1, 4.0943445622221004]
['legs', 180, 3, 4.0943445622221004]
['professional', 179, 3, 4.0887735171726449]
['bunny', 119, 2, 4.0859763125515842]
['bowling', 654, 11, 4.0852120786588282]
['judge', 354, 6, 4.0775374439057197]
['summer', 59, 1, 4.0775374439057197]
['dialysis', 59, 1, 4.0775374439057197]
['y', 1587, 27, 4.0737638545220802]
['background', 293, 5, 4.0707346965829672]
['chance', 1171, 20, 4.0698810900437259]
['july', 234, 4, 4.0690267542378109]
['prince', 232, 4, 4.0604430105464191]
['dint', 58, 1, 4.0604430105464191]
['sail', 58, 1, 4.0604430105464191]
['carrier', 58, 1, 4.0604430105464191]
['invite', 404, 7, 4.055504728905837]
['creativity', 57, 1, 4.0430512678345503]
['address', 568, 10, 4.0395363257271057]
['mam', 339, 6, 4.0342406381523954]
['king', 1186, 21, 4.0338191418342477]
['form', 960, 17, 4.0337199404056658]
['feelings', 280, 5, 4.0253516907351496]
['meaning', 392, 7, 4.0253516907351496]
['underestimate', 56, 1, 4.0253516907351496]
['shopping', 223, 4, 4.0208774103402281]
['blow', 167, 3, 4.0193815237486454]
['series', 668, 12, 4.0193815237486454]
['implement', 111, 2, 4.0163830207523885]
['shit', 444, 8, 4.0163830207523885]
['belt', 111, 2, 4.0163830207523885]
['dress', 277, 5, 4.014579593753238]
['permission', 166, 3, 4.0133754996884337]
['team', 32121, 581, 4.0125145439744685]
['racket', 55, 1, 4.0073331852324712]
['comeback', 220, 4, 4.0073331852324712]
['inning', 110, 2, 4.0073331852324712]
['say', 6871, 126, 3.9987830280795982]
['cover', 872, 16, 3.9982007016691985]
['lie', 1030, 19, 3.9928751020572411]
['ocean', 54, 1, 3.9889840465642745]
['monkey', 54, 1, 3.9889840465642745]
['colors', 54, 1, 3.9889840465642745]
['double', 2151, 40, 3.9848086751537939]
['ego', 213, 4, 3.9749978045895347]
['christian', 53, 1, 3.970291913552122]
['sack', 53, 1, 3.970291913552122]
['ignorance', 106, 2, 3.970291913552122]
['maid', 53, 1, 3.970291913552122]
['class', 793, 15, 3.967773020532638]
['breakfast', 158, 3, 3.9639827443588569]
['resignation', 158, 3, 3.9639827443588569]
['anger', 105, 2, 3.9608131695975781]
['burn', 105, 2, 3.9608131695975781]
['personality', 209, 4, 3.9560398908449206]
['fast', 418, 8, 3.9560398908449206]
['date', 940, 18, 3.9555081173678848]
['grounds', 52, 1, 3.9512437185814275]
['clarification', 52, 1, 3.9512437185814275]
['danger', 52, 1, 3.9512437185814275]
['expert', 414, 8, 3.9464244321454784]
['bad', 3980, 77, 3.9452316764247994]
['budget', 155, 3, 3.9448128282511368]
['ice', 154, 3, 3.9383403137455195]
['commercial', 153, 3, 3.9318256327243257]
['sneak', 102, 2, 3.9318256327243257]
['serial', 51, 1, 3.9318256327243257]
['box', 356, 7, 3.929020581796717]
['show', 6558, 130, 3.9209065069490112]
['income', 201, 4, 3.9170105469391849]
['interaction', 50, 1, 3.912023005428146]
['dot', 50, 1, 3.912023005428146]
['equality', 50, 1, 3.912023005428146]
['extreme', 50, 1, 3.912023005428146]
['department', 98, 2, 3.8918202981106265]
['ease', 98, 2, 3.8918202981106265]
['arrow', 49, 1, 3.8918202981106265]
['appointment', 49, 1, 3.8918202981106265]
['beach', 98, 2, 3.8918202981106265]
['credit', 343, 7, 3.8918202981106265]
['lick', 49, 1, 3.8918202981106265]
['cricketer', 930, 19, 3.890745606980861]
['seat', 587, 12, 3.890118170040096]
['captain', 1510, 31, 3.8858777253238239]
['trailer', 13489, 281, 3.871275148135934]
['copy', 1056, 22, 3.8712010109078911]
['sacrifice', 144, 3, 3.8712010109078911]
['magician', 48, 1, 3.8712010109078911]
['chill', 144, 3, 3.8712010109078911]
['poll', 287, 6, 3.867722746531566]
['c', 1669, 35, 3.8646318621724212]
['politician', 286, 6, 3.8642323415917974]
['body', 1183, 25, 3.8569330391101859]
['artist', 283, 6, 3.8536874284151827]
['camp', 47, 1, 3.8501476017100584]
['cash', 141, 3, 3.8501476017100584]
['tie', 47, 1, 3.8501476017100584]
['heroin', 47, 1, 3.8501476017100584]
['mistake', 558, 12, 3.8394523125933104]
['active', 185, 4, 3.8340614639584341]
['college', 185, 4, 3.8340614639584341]
['activity', 46, 1, 3.8286413964890951]
['accountability', 46, 1, 3.8286413964890951]
['congo', 46, 1, 3.8286413964890951]
['flash', 46, 1, 3.8286413964890951]
['controversy', 136, 3, 3.8140425970679424]
['timing', 90, 2, 3.8066624897703196]
['survey', 45, 1, 3.8066624897703196]
['idiot', 315, 7, 3.8066624897703196]
['rite', 45, 1, 3.8066624897703196]
['hypocrite', 90, 2, 3.8066624897703196]
['actress', 313, 7, 3.8002930414848399]
['sir', 2802, 63, 3.7949540005054194]
['opener', 133, 3, 3.7917368395536442]
['bitch', 133, 3, 3.7917368395536442]
['suicide', 220, 5, 3.784189633918261]
['information', 176, 4, 3.784189633918261]
['quest', 44, 1, 3.784189633918261]
['problem', 2369, 54, 3.781239157594511]
['chemistry', 218, 5, 3.7750571503549888]
['scheme', 130, 3, 3.7689221617874726]
['career', 302, 7, 3.7645168683195562]
['posting', 129, 3, 3.7612001156935624]
['surgery', 129, 3, 3.7612001156935624]
['facility', 43, 1, 3.7612001156935624]
['bribe', 43, 1, 3.7612001156935624]
['speaker', 86, 2, 3.7612001156935624]
['bombing', 43, 1, 3.7612001156935624]
['ranking', 43, 1, 3.7612001156935624]
['foot', 128, 3, 3.7534179752515073]
['board', 255, 6, 3.7495040759303713]
['triple', 168, 4, 3.7376696182833684]
['sucking', 42, 1, 3.7376696182833684]
['relation', 42, 1, 3.7376696182833684]
['arrest', 335, 8, 3.7346889901452305]
['demand', 335, 8, 3.7346889901452305]
['hit', 2383, 57, 3.7330642092641919]
['academy', 83, 2, 3.7256934272366524]
['confidence', 206, 5, 3.7184382563554808]
['dance', 1478, 36, 3.7149261630520369]
['channel', 2504, 61, 3.7147708680466778]
['meal', 41, 1, 3.713572066704308]
['sentiment', 41, 1, 3.713572066704308]
['gen', 41, 1, 3.713572066704308]
['plastic', 41, 1, 3.713572066704308]
['hundred', 41, 1, 3.713572066704308]
['hater', 41, 1, 3.713572066704308]
['gain', 164, 4, 3.713572066704308]
['ear', 41, 1, 3.713572066704308]
['cosy', 41, 1, 3.713572066704308]
['s', 2807, 69, 3.7057650717646231]
['competition', 122, 3, 3.7054087560651467]
['payment', 122, 3, 3.7054087560651467]
['holiday', 201, 5, 3.6938669956249757]
['hello', 874, 22, 3.6820379222972197]
['clip', 119, 3, 3.6805112044434196]
['crore', 825, 21, 3.6708609486112578]
['phone', 782, 20, 3.6661224669913199]
['lock', 39, 1, 3.6635616461296463]
['blues', 39, 1, 3.6635616461296463]
['commando', 39, 1, 3.6635616461296463]
['desk', 117, 3, 3.6635616461296463]
['north', 194, 5, 3.6584202466292277]
['mood', 426, 11, 3.6565440734709997]
['filter', 271, 7, 3.6562086718243876]
['connection', 154, 4, 3.6506582412937387]
['post', 1692, 44, 3.6494769062479073]
['eve', 191, 5, 3.6428355156125294]
['species', 38, 1, 3.6375861597263857]
['coal', 38, 1, 3.6375861597263857]
['limit', 114, 3, 3.6375861597263857]
['league', 152, 4, 3.6375861597263857]
['tooth', 38, 1, 3.6375861597263857]
['record', 935, 25, 3.6216707044204863]
['note', 444, 12, 3.6109179126442243]
['engagement', 74, 2, 3.6109179126442243]
['headmaster', 74, 2, 3.6109179126442243]
['worship', 37, 1, 3.6109179126442243]
['caste', 775, 21, 3.6083405916299238]
['account', 773, 21, 3.6057566108639989]
['wild', 73, 2, 3.597312260588446]
['smart', 434, 12, 3.5881378843124043]
['stress', 72, 2, 3.5835189384561099]
['finance', 108, 3, 3.5835189384561099]
['shy', 36, 1, 3.5835189384561099]
['batting', 1075, 30, 3.5788785588996079]
['cup', 1109, 31, 3.5772267828652207]
['negative', 357, 10, 3.5751506887855933]
['platform', 107, 3, 3.5742165457937962]
['concert', 746, 21, 3.5702031624803379]
['cab', 71, 2, 3.5695326964813701]
['gift', 815, 23, 3.5676938973117127]
['export', 105, 3, 3.5553480614894135]
['proverb', 35, 1, 3.5553480614894135]
['august', 35, 1, 3.5553480614894135]
['qualification', 35, 1, 3.5553480614894135]
['lunch', 278, 8, 3.5481795720108011]
['parliament', 104, 3, 3.5457786104732629]
['camera', 380, 11, 3.5422759799220609]
['answer', 1893, 55, 3.538584965976852]
['car', 579, 17, 3.5280891335167794]
['loser', 238, 7, 3.5263605246161616]
['sheep', 34, 1, 3.5263605246161616]
['employee', 68, 2, 3.5263605246161616]
['function', 135, 4, 3.5189804173185388]
['wave', 67, 2, 3.5115454388310208]
['south', 267, 8, 3.5078071167204135]
['imp', 100, 3, 3.5065578973199818]
['type', 697, 21, 3.5022629730371007]
['minute', 429, 13, 3.4965075614664802]
['dry', 33, 1, 3.4965075614664802]
['hunger', 33, 1, 3.4965075614664802]
['compromise', 33, 1, 3.4965075614664802]
['hint', 33, 1, 3.4965075614664802]
['novel', 33, 1, 3.4965075614664802]
['cigarette', 33, 1, 3.4965075614664802]
['coup', 33, 1, 3.4965075614664802]
['grandfather', 33, 1, 3.4965075614664802]
['donkey', 33, 1, 3.4965075614664802]
['partition', 33, 1, 3.4965075614664802]
['pair', 196, 6, 3.4863551900024623]
['station', 163, 5, 3.4843122883726618]
['editing', 65, 2, 3.4812400893356918]
['plan', 611, 19, 3.4706579800051549]
['spy', 32, 1, 3.4657359027997265]
['z', 128, 4, 3.4657359027997265]
['mount', 32, 1, 3.4657359027997265]
['search', 191, 6, 3.4605139588185749]
['frustration', 191, 6, 3.4605139588185749]
['award', 2664, 84, 3.4567672328169663]
['smile', 2080, 66, 3.4504684306689382]
['twist', 126, 4, 3.4499875458315872]
['interview', 1151, 37, 3.437468496077658]
['makeup', 124, 4, 3.4339872044851463]
['boyfriend', 31, 1, 3.4339872044851463]
['minimum', 31, 1, 3.4339872044851463]
['follower', 62, 2, 3.4339872044851463]
['instruction', 31, 1, 3.4339872044851463]
['news', 4915, 159, 3.4311428303610354]
['encounter', 278, 9, 3.4303965363544178]
['party', 2775, 90, 3.4285963558502699]
['beef', 762, 25, 3.4170707308184456]
['plane', 182, 6, 3.4122472178487402]
['transfer', 30, 1, 3.4011973816621555]
['vacation', 60, 2, 3.4011973816621555]
['agency', 59, 2, 3.3843902633457743]
['writer', 176, 6, 3.3787245258100969]
['number', 844, 29, 3.3708566646094829]
['addiction', 58, 2, 3.3672958299864741]
['coffee', 261, 9, 3.3672958299864741]
['selection', 116, 4, 3.3672958299864741]
['immortal', 29, 1, 3.3672958299864741]
['chat', 579, 20, 3.3655702040190043]
['hair', 314, 11, 3.3514977131098829]
['mess', 171, 6, 3.3499040872746049]
['depression', 57, 2, 3.3499040872746049]
['fancy', 28, 1, 3.3322045101752038]
['interpretation', 28, 1, 3.3322045101752038]
['actor', 56, 2, 3.3322045101752038]
['damn', 28, 1, 3.3322045101752038]
['paper', 278, 10, 3.3250360206965914]
['option', 166, 6, 3.3202283191284883]
['sunday', 274, 10, 3.3105430133940246]
['pink', 82, 3, 3.3081069585961433]
['film', 82, 3, 3.3081069585961433]
['effect', 136, 5, 3.3032169733019514]
['anna', 1115, 41, 3.3030376171899114]
['miracle', 27, 1, 3.2958368660043291]
['customs', 27, 1, 3.2958368660043291]
['boat', 54, 2, 3.2958368660043291]
['philosophy', 27, 1, 3.2958368660043291]
['lord', 81, 3, 3.2958368660043291]
['tone', 54, 2, 3.2958368660043291]
['presentation', 27, 1, 3.2958368660043291]
['script', 295, 11, 3.2890800835414491]
['dancer', 53, 2, 3.2771447329921766]
['style', 683, 26, 3.268398321549308]
['fan', 4931, 188, 3.2668551233941767]
['invitation', 26, 1, 3.2580965380214821]
['prod', 26, 1, 3.2580965380214821]
['restaurant', 52, 2, 3.2580965380214821]
['collection', 416, 16, 3.2580965380214821]
['fund', 104, 4, 3.2580965380214821]
['attendance', 26, 1, 3.2580965380214821]
['fruit', 26, 1, 3.2580965380214821]
['buster', 52, 2, 3.2580965380214821]
['weeds', 26, 1, 3.2580965380214821]
['limelight', 26, 1, 3.2580965380214821]
['card', 568, 22, 3.2510789653628356]
['speed', 179, 7, 3.2414756567854419]
['dressing', 76, 3, 3.2321210516182215]
['neck', 25, 1, 3.2188758248682006]
['sound', 325, 13, 3.2188758248682006]
['curb', 25, 1, 3.2188758248682006]
['goa', 25, 1, 3.2188758248682006]
['toe', 25, 1, 3.2188758248682006]
['egg', 25, 1, 3.2188758248682006]
['homework', 25, 1, 3.2188758248682006]
['don', 25, 1, 3.2188758248682006]
['xxx', 25, 1, 3.2188758248682006]
['rounder', 25, 1, 3.2188758248682006]
['employer', 25, 1, 3.2188758248682006]
['review', 417, 17, 3.1998728777425853]
['center', 49, 2, 3.1986731175506815]
['theater', 49, 2, 3.1986731175506815]
['surname', 49, 2, 3.1986731175506815]
['terrorist', 3963, 163, 3.1910063923836729]
['degree', 97, 4, 3.188416617383492]
['husband', 315, 13, 3.1876232813640963]
['breed', 72, 3, 3.1780538303479458]
['stroke', 48, 2, 3.1780538303479458]
['starer', 24, 1, 3.1780538303479458]
['do', 18312, 764, 3.176744072465882]
['boss', 929, 39, 3.1705470926841923]
['domestic', 47, 2, 3.1570004211501135]
['cycle', 140, 6, 3.1498829533812494]
['compensation', 46, 2, 3.1354942159291497]
['underground', 23, 1, 3.1354942159291497]
['sportsmanship', 46, 2, 3.1354942159291497]
['dictatorship', 23, 1, 3.1354942159291497]
['em', 298, 13, 3.1321441290438679]
['bollywood', 315, 14, 3.1135153092103742]
['fracture', 45, 2, 3.1135153092103742]
['match', 5010, 223, 3.1120194226187916]
['peoples', 112, 5, 3.1090609588609941]
['tomorrow', 6339, 287, 3.0949940905245454]
['bowl', 88, 4, 3.0910424533583161]
['hostel', 44, 2, 3.0910424533583161]
['spice', 22, 1, 3.0910424533583161]
['ration', 22, 1, 3.0910424533583161]
['involvement', 22, 1, 3.0910424533583161]
['wats', 22, 1, 3.0910424533583161]
['prophet', 22, 1, 3.0910424533583161]
['kiss', 109, 5, 3.0819099697950434]
['football', 87, 4, 3.0796137575346929]
['shah', 454, 21, 3.0735747603179249]
['plant', 43, 2, 3.068052935133617]
['oil', 43, 2, 3.068052935133617]
['honey', 86, 4, 3.068052935133617]
['clash', 107, 5, 3.0633909220278057]
['anil', 85, 4, 3.0563568953704259]
['worker', 63, 3, 3.044522437723423]
['upbringing', 21, 1, 3.044522437723423]
['cooperative', 21, 1, 3.044522437723423]
['cruelty', 21, 1, 3.044522437723423]
['sue', 21, 1, 3.044522437723423]
['tick', 21, 1, 3.044522437723423]
['seed', 21, 1, 3.044522437723423]
['replay', 63, 3, 3.044522437723423]
['cast', 287, 14, 3.0204248861443626]
['spinner', 41, 2, 3.0204248861443626]
['studio', 183, 9, 3.0122615755052013]
['mail', 61, 3, 3.0122615755052013]
['cabinet', 61, 3, 3.0122615755052013]
['boring', 202, 10, 3.0056826044071592]
['movie', 6922, 343, 3.0047295770293494]
['soup', 20, 1, 2.9957322735539909]
['circus', 20, 1, 2.9957322735539909]
['equity', 20, 1, 2.9957322735539909]
['tent', 20, 1, 2.9957322735539909]
['york', 20, 1, 2.9957322735539909]
['impression', 20, 1, 2.9957322735539909]
['bill', 79, 4, 2.9831534913471307]
['poem', 57, 3, 2.9444389791664403]
['bird', 38, 2, 2.9444389791664403]
['leather', 19, 1, 2.9444389791664403]
['effects', 38, 2, 2.9444389791664403]
['reserve', 19, 1, 2.9444389791664403]
['boxer', 19, 1, 2.9444389791664403]
['hood', 19, 1, 2.9444389791664403]
['economist', 19, 1, 2.9444389791664403]
['pimp', 38, 2, 2.9444389791664403]
['acting', 1266, 68, 2.9241098975280146]
['hero', 1467, 79, 2.9215269256759604]
['fielding', 55, 3, 2.9087208965643612]
['height', 55, 3, 2.9087208965643612]
['he', 16897, 923, 2.9072621358577977]
['age', 690, 38, 2.8991054378649195]
['pace', 54, 3, 2.8903717578961645]
['crush', 90, 5, 2.8903717578961645]
['bravo', 18, 1, 2.8903717578961645]
['stations', 18, 1, 2.8903717578961645]
['equivalent', 18, 1, 2.8903717578961645]
['attraction', 18, 1, 2.8903717578961645]
['bastard', 72, 4, 2.8903717578961645]
['guard', 53, 3, 2.8716796248840124]
['toss', 35, 2, 2.8622008809294686]
['property', 87, 5, 2.8564702062204832]
['family', 9254, 534, 2.8524153305067501]
['tea', 85, 5, 2.8332133440562162]
['hole', 68, 4, 2.8332133440562162]
['highlight', 119, 7, 2.8332133440562162]
['cheek', 17, 1, 2.8332133440562162]
['extremism', 17, 1, 2.8332133440562162]
['dump', 17, 1, 2.8332133440562162]
['filling', 17, 1, 2.8332133440562162]
['imprisonment', 17, 1, 2.8332133440562162]
['parcel', 17, 1, 2.8332133440562162]
['cunning', 17, 1, 2.8332133440562162]
['comedy', 508, 30, 2.8292840659163265]
['bowler', 253, 15, 2.8253392876253103]
['wife', 570, 34, 2.8192758362124346]
['m', 3143, 189, 2.8111860217379254]
['roll', 116, 7, 2.8076800420510515]
['celebrity', 149, 9, 2.8067217286092401]
['snap', 33, 2, 2.8033603809065348]
['west', 114, 7, 2.7902882993391822]
['coat', 16, 1, 2.7725887222397811]
['couch', 32, 2, 2.7725887222397811]
['code', 32, 2, 2.7725887222397811]
['sickness', 16, 1, 2.7725887222397811]
['sour', 16, 1, 2.7725887222397811]
['fade', 16, 1, 2.7725887222397811]
['mus', 16, 1, 2.7725887222397811]
['dare', 16, 1, 2.7725887222397811]
['allah', 16, 1, 2.7725887222397811]
['congress', 795, 50, 2.7663191092261861]
['id', 206, 13, 2.7629268113280445]
['use', 1615, 102, 2.7621174223724858]
['j', 315, 20, 2.7568403652716422]
['tow', 63, 4, 2.7568403652716422]
['topic', 141, 9, 2.7515353130419489]
['contact', 172, 11, 2.7495992040150825]
['butterfly', 31, 2, 2.7408400239252009]
['mobile', 169, 11, 2.7320034421247028]
['thunder', 15, 1, 2.7080502011022101]
['confusion', 45, 3, 2.7080502011022101]
['mint', 15, 1, 2.7080502011022101]
['boards', 15, 1, 2.7080502011022101]
['rep', 30, 2, 2.7080502011022101]
['faint', 15, 1, 2.7080502011022101]
['hollywood', 30, 2, 2.7080502011022101]
['fucker', 15, 1, 2.7080502011022101]
['terrorism', 15, 1, 2.7080502011022101]
['inspiration', 15, 1, 2.7080502011022101]
['aa', 15, 1, 2.7080502011022101]
['composer', 59, 4, 2.6912430827858289]
['twit', 29, 2, 2.6741486494265287]
['o', 1120, 78, 2.6643751375995484]
['trophy', 558, 39, 2.6607973162516645]
['theme', 57, 4, 2.6567569067146595]
['promotion', 325, 23, 2.6483309664005876]
['cleaner', 14, 1, 2.6390573296152584]
['net', 56, 4, 2.6390573296152584]
['exhibition', 14, 1, 2.6390573296152584]
['assistant', 14, 1, 2.6390573296152584]
['ode', 14, 1, 2.6390573296152584]
['beer', 14, 1, 2.6390573296152584]
['dubai', 28, 2, 2.6390573296152584]
['re', 42, 3, 2.6390573296152584]
['yard', 14, 1, 2.6390573296152584]
['load', 42, 3, 2.6390573296152584]
['vomit', 14, 1, 2.6390573296152584]
['gully', 14, 1, 2.6390573296152584]
['header', 14, 1, 2.6390573296152584]
['fix', 207, 15, 2.6246685921631592]
['upper', 69, 5, 2.6246685921631592]
['block', 261, 19, 2.620081428156253]
['production', 150, 11, 2.6127400212978853]
['shirt', 122, 9, 2.6067964673970372]
['dictionary', 27, 2, 2.6026896854443837]
['player', 2522, 187, 2.6016988996702781]
['bot', 40, 3, 2.5902671654458267]
['ms', 40, 3, 2.5902671654458267]
['fee', 53, 4, 2.5839975524322312]
['troll', 274, 21, 2.568605668664647]
['booking', 52, 4, 2.5649493574615367]
['dimple', 26, 2, 2.5649493574615367]
['swimming', 13, 1, 2.5649493574615367]
['conservative', 13, 1, 2.5649493574615367]
['putt', 13, 1, 2.5649493574615367]
['clearance', 13, 1, 2.5649493574615367]
['supper', 26, 2, 2.5649493574615367]
['taker', 13, 1, 2.5649493574615367]
['mass', 13, 1, 2.5649493574615367]
['sow', 13, 1, 2.5649493574615367]
['nude', 13, 1, 2.5649493574615367]
['foe', 25, 2, 2.5257286443082556]
['format', 25, 2, 2.5257286443082556]
['friday', 25, 2, 2.5257286443082556]
['sting', 62, 5, 2.5176964726109912]
['dubbing', 37, 3, 2.5123056239761148]
['army', 1682, 140, 2.4860964179235889]
['jolly', 12, 1, 2.4849066497880004]
['memo', 12, 1, 2.4849066497880004]
['collar', 12, 1, 2.4849066497880004]
['girlfriend', 36, 3, 2.4849066497880004]
['concentration', 12, 1, 2.4849066497880004]
['clipping', 12, 1, 2.4849066497880004]
['import', 12, 1, 2.4849066497880004]
['elegance', 12, 1, 2.4849066497880004]
['teddy', 12, 1, 2.4849066497880004]
['duck', 24, 2, 2.4849066497880004]
['banner', 12, 1, 2.4849066497880004]
['level', 12, 1, 2.4849066497880004]
['spider', 12, 1, 2.4849066497880004]
['hack', 12, 1, 2.4849066497880004]
['reasoning', 12, 1, 2.4849066497880004]
['factory', 119, 10, 2.4765384001174837]
['scientist', 47, 4, 2.4638532405901681]
['cheerleader', 35, 3, 2.456735772821304]
['b', 4479, 385, 2.4539117519195157]
['gutter', 104, 9, 2.4471663218051534]
['joke', 392, 34, 2.4449013151743011]
['whistle', 23, 2, 2.4423470353692043]
['mem', 114, 10, 2.4336133554004498]
['ad', 147, 13, 2.4254832293171997]
['mr', 225, 20, 2.4203681286504293]
['jaw', 56, 5, 2.4159137783010487]
['stardom', 89, 8, 2.4091948280523039]
['reply', 3547, 320, 2.4055364589798494]
['tweet', 3407, 308, 2.4034876346873921]
['synonym', 11, 1, 2.3978952727983707]
['british', 11, 1, 2.3978952727983707]
['refund', 33, 3, 2.3978952727983707]
['introvert', 11, 1, 2.3978952727983707]
['chef', 22, 2, 2.3978952727983707]
['extortion', 11, 1, 2.3978952727983707]
['feminist', 11, 1, 2.3978952727983707]
['orange', 11, 1, 2.3978952727983707]
['war', 11, 1, 2.3978952727983707]
['transplant', 11, 1, 2.3978952727983707]
['hook', 11, 1, 2.3978952727983707]
['lottery', 43, 4, 2.3749057545736716]
['satisfaction', 32, 3, 2.367123614131617]
['wallpaper', 21, 2, 2.3513752571634776]
['candle', 31, 3, 2.3353749158170367]
['panelist', 31, 3, 2.3353749158170367]
['disrespect', 41, 4, 2.3272777055844172]
['communist', 51, 5, 2.3223877202902252]
['ray', 71, 7, 2.316769727986002]
['pack', 121, 12, 2.310883895808741]
['v', 2556, 255, 2.3049352703389991]
['scooter', 10, 1, 2.3025850929940459]
['prediction', 40, 4, 2.3025850929940459]
['captainship', 10, 1, 2.3025850929940459]
['introduction', 10, 1, 2.3025850929940459]
['biceps', 10, 1, 2.3025850929940459]
['slang', 10, 1, 2.3025850929940459]
['separation', 10, 1, 2.3025850929940459]
['county', 10, 1, 2.3025850929940459]
['sleeper', 10, 1, 2.3025850929940459]
['bedroom', 10, 1, 2.3025850929940459]
['london', 59, 6, 2.2857779746776643]
['coaching', 87, 9, 2.2686835413183641]
['bomb', 232, 24, 2.2686835413183641]
['haircut', 19, 2, 2.2512917986064953]
['truck', 19, 2, 2.2512917986064953]
['duffer', 19, 2, 2.2512917986064953]
['p', 845, 91, 2.2284771208403238]
['cartoon', 45, 5, 2.1972245773362196]
['friction', 9, 1, 2.1972245773362196]
['intensity', 18, 2, 2.1972245773362196]
['corporation', 9, 1, 2.1972245773362196]
['scrap', 9, 1, 2.1972245773362196]
['booster', 9, 1, 2.1972245773362196]
['knockout', 9, 1, 2.1972245773362196]
['abortion', 9, 1, 2.1972245773362196]
['england', 63, 7, 2.1972245773362196]
['brush', 9, 1, 2.1972245773362196]
['ox', 9, 1, 2.1972245773362196]
['wink', 9, 1, 2.1972245773362196]
['statue', 62, 7, 2.1812242359897782]
['joker', 61, 7, 2.1649637151179979]
['sun', 583, 67, 2.1634945669595265]
['hop', 34, 4, 2.1400661634962708]
['witch', 17, 2, 2.1400661634962708]
['affair', 17, 2, 2.1400661634962708]
['certificate', 51, 6, 2.1400661634962708]
['shock', 75, 9, 2.120263536200091]
['cameo', 58, 7, 2.1145328614911061]
['east', 41, 5, 2.1041341542702074]
['madam', 505, 62, 2.0974240442302681]
['heroine', 65, 8, 2.0949457282158011]
['hall', 56, 7, 2.0794415416798357]
['ull', 8, 1, 2.0794415416798357]
['cheese', 8, 1, 2.0794415416798357]
['plate', 24, 3, 2.0794415416798357]
['inequality', 8, 1, 2.0794415416798357]
['farewell', 8, 1, 2.0794415416798357]
['honeymoon', 8, 1, 2.0794415416798357]
['lob', 8, 1, 2.0794415416798357]
['eater', 8, 1, 2.0794415416798357]
['stump', 8, 1, 2.0794415416798357]
['navy', 8, 1, 2.0794415416798357]
['diary', 8, 1, 2.0794415416798357]
['trump', 79, 10, 2.066862759472976]
['fat', 63, 8, 2.0636931847116968]
['colony', 31, 4, 2.0476928433652555]
['audition', 23, 3, 2.0368819272610401]
['liquid', 23, 3, 2.0368819272610401]
['blaster', 23, 3, 2.0368819272610401]
['metro', 45, 6, 2.0149030205422647]
['lac', 15, 2, 2.0149030205422647]
['sequel', 37, 5, 2.0014800002101243]
['leak', 37, 5, 2.0014800002101243]
['gas', 22, 3, 1.9924301646902061]
['passport', 72, 10, 1.9740810260220096]
['packing', 36, 5, 1.9740810260220096]
['packet', 14, 2, 1.9459101490553132]
['wardrobe', 7, 1, 1.9459101490553132]
['volt', 7, 1, 1.9459101490553132]
['trim', 14, 2, 1.9459101490553132]
['lollipop', 7, 1, 1.9459101490553132]
['multiplex', 7, 1, 1.9459101490553132]
['mon', 14, 2, 1.9459101490553132]
['muscle', 7, 1, 1.9459101490553132]
['domination', 7, 1, 1.9459101490553132]
['everlasting', 7, 1, 1.9459101490553132]
['physics', 7, 1, 1.9459101490553132]
['minority', 7, 1, 1.9459101490553132]
['verification', 7, 1, 1.9459101490553132]
['oath', 7, 1, 1.9459101490553132]
['grandma', 7, 1, 1.9459101490553132]
['unemployment', 14, 2, 1.9459101490553132]
['liver', 7, 1, 1.9459101490553132]
['ben', 7, 1, 1.9459101490553132]
['loudspeaker', 7, 1, 1.9459101490553132]
['den', 96, 14, 1.9252908618525775]
['pork', 61, 9, 1.9136492868370918]
['reservation', 67, 10, 1.9021075263969205]
['e', 707, 107, 1.8882018314346665]
['glass', 33, 5, 1.8870696490323797]
['supply', 33, 5, 1.8870696490323797]
['flop', 412, 63, 1.8778886229579936]
['mrs', 13, 2, 1.8718021769015913]
['poke', 13, 2, 1.8718021769015913]
['sen', 13, 2, 1.8718021769015913]
['g', 1133, 177, 1.8564745284541773]
['trail', 51, 8, 1.8523840910444898]
['incidence', 19, 3, 1.8458266904983307]
['romantic', 189, 30, 1.8405496333974869]
['sou', 6, 1, 1.791759469228055]
['scroll', 6, 1, 1.791759469228055]
['john', 12, 2, 1.791759469228055]
['receiver', 6, 1, 1.791759469228055]
['houseful', 6, 1, 1.791759469228055]
['elation', 6, 1, 1.791759469228055]
['english', 102, 17, 1.791759469228055]
['wrist', 6, 1, 1.791759469228055]
['horn', 6, 1, 1.791759469228055]
['trader', 6, 1, 1.791759469228055]
['conservation', 6, 1, 1.791759469228055]
['manifesto', 6, 1, 1.791759469228055]
['matchbox', 6, 1, 1.791759469228055]
['main', 30, 5, 1.791759469228055]
['tube', 12, 2, 1.791759469228055]
['roast', 6, 1, 1.791759469228055]
['sap', 6, 1, 1.791759469228055]
['ban', 6, 1, 1.791759469228055]
['handicap', 6, 1, 1.791759469228055]
['dentist', 6, 1, 1.791759469228055]
['waist', 6, 1, 1.791759469228055]
['ceiling', 6, 1, 1.791759469228055]
['uncle', 260, 44, 1.7764919970972666]
['song', 13054, 2215, 1.7738421967159268]
['list', 1748, 298, 1.7691340697100764]
['tissue', 46, 8, 1.7491998548092591]
['yea', 57, 10, 1.7404661748405046]
['vodka', 11, 2, 1.7047480922384253]
['seal', 11, 2, 1.7047480922384253]
['curry', 11, 2, 1.7047480922384253]
['flush', 11, 2, 1.7047480922384253]
['calculator', 16, 3, 1.6739764335716716]
['bath', 31, 6, 1.6422277352570913]
['pe', 31, 6, 1.6422277352570913]
['en', 107, 21, 1.6283063967384832]
['bat', 829, 165, 1.6142746812347144]
['crow', 5, 1, 1.6094379124341003]
['france', 5, 1, 1.6094379124341003]
['la', 20, 4, 1.6094379124341003]
['li', 5, 1, 1.6094379124341003]
['jackfruit', 5, 1, 1.6094379124341003]
['verse', 10, 2, 1.6094379124341003]
['processing', 5, 1, 1.6094379124341003]
['keyboard', 5, 1, 1.6094379124341003]
['asia', 5, 1, 1.6094379124341003]
['occupancy', 5, 1, 1.6094379124341003]
['coaster', 5, 1, 1.6094379124341003]
['bolt', 5, 1, 1.6094379124341003]
['mining', 5, 1, 1.6094379124341003]
['algeria', 5, 1, 1.6094379124341003]
['title', 5, 1, 1.6094379124341003]
['massage', 30, 6, 1.6094379124341003]
['wig', 5, 1, 1.6094379124341003]
['gall', 5, 1, 1.6094379124341003]
['drinker', 5, 1, 1.6094379124341003]
['constipation', 10, 2, 1.6094379124341003]
['hoe', 5, 1, 1.6094379124341003]
['bade', 5, 1, 1.6094379124341003]
['cocaine', 5, 1, 1.6094379124341003]
['disturbance', 5, 1, 1.6094379124341003]
['pet', 59, 12, 1.5926307941177191]
['lea', 24, 5, 1.5686159179138452]
['condom', 14, 3, 1.5404450409471491]
['baba', 23, 5, 1.5260563034950492]
['fixer', 23, 5, 1.5260563034950492]
['toilet', 182, 40, 1.5151272329628591]
['ate', 54, 12, 1.5040773967762742]
['hash', 9, 2, 1.5040773967762742]
['typing', 13, 3, 1.466337068793427]
['mast', 137, 32, 1.4542450230283983]
['dam', 54, 13, 1.4240346891027378]
['boundary', 29, 7, 1.4213856809311609]
['hat', 68, 17, 1.3862943611198906]
['tho', 356, 89, 1.3862943611198906]
['strip', 8, 2, 1.3862943611198906]
['ob', 4, 1, 1.3862943611198906]
['sage', 8, 2, 1.3862943611198906]
['computer', 16, 4, 1.3862943611198906]
['percentage', 12, 3, 1.3862943611198906]
['bray', 4, 1, 1.3862943611198906]
['maxim', 4, 1, 1.3862943611198906]
['literacy', 4, 1, 1.3862943611198906]
['debit', 4, 1, 1.3862943611198906]
['sif', 4, 1, 1.3862943611198906]
['cheep', 4, 1, 1.3862943611198906]
['underwear', 4, 1, 1.3862943611198906]
['fallow', 4, 1, 1.3862943611198906]
['overlook', 4, 1, 1.3862943611198906]
['kea', 8, 2, 1.3862943611198906]
['dong', 4, 1, 1.3862943611198906]
['eligibility', 4, 1, 1.3862943611198906]
['server', 4, 1, 1.3862943611198906]
['queens', 4, 1, 1.3862943611198906]
['fuse', 24, 6, 1.3862943611198906]
['buck', 4, 1, 1.3862943611198906]
['sol', 4, 1, 1.3862943611198906]
['swatch', 4, 1, 1.3862943611198906]
['tweeter', 57, 15, 1.33500106673234]
['craze', 34, 9, 1.329135947279942]
['jet', 15, 4, 1.3217558399823195]
['bank', 607, 163, 1.3147785902527358]
['ma', 522, 142, 1.301840530281378]
['mi', 84, 23, 1.2953225829141639]
['waiter', 7, 2, 1.2527629684953681]
['lipstick', 7, 2, 1.2527629684953681]
['bin', 53, 16, 1.1977031913123406]
['imam', 13, 4, 1.1786549963416462]
['tractor', 16, 5, 1.1631508098056809]
['fen', 22, 7, 1.1451323043030026]
['atom', 3, 1, 1.0986122886681098]
['footwork', 6, 2, 1.0986122886681098]
['mimicry', 3, 1, 1.0986122886681098]
['ea', 9, 3, 1.0986122886681098]
['shade', 6, 2, 1.0986122886681098]
['blade', 3, 1, 1.0986122886681098]
['swipe', 3, 1, 1.0986122886681098]
['accountant', 3, 1, 1.0986122886681098]
['pronunciation', 3, 1, 1.0986122886681098]
['limitation', 3, 1, 1.0986122886681098]
['efficiency', 3, 1, 1.0986122886681098]
['dye', 6, 2, 1.0986122886681098]
['hut', 3, 1, 1.0986122886681098]
['mary', 3, 1, 1.0986122886681098]
['caribbean', 3, 1, 1.0986122886681098]
['nave', 3, 1, 1.0986122886681098]
['sinner', 3, 1, 1.0986122886681098]
['beep', 3, 1, 1.0986122886681098]
['duplicate', 3, 1, 1.0986122886681098]
['cert', 3, 1, 1.0986122886681098]
['dunkirk', 3, 1, 1.0986122886681098]
['morgan', 3, 1, 1.0986122886681098]
['ka', 68, 24, 1.0414538748281612]
['shave', 18, 7, 0.94446160884085151]
['bobby', 5, 2, 0.91629073187415511]
['mot', 10, 4, 0.91629073187415511]
['david', 5, 2, 0.91629073187415511]
['whiskey', 5, 2, 0.91629073187415511]
['oka', 36, 15, 0.87546873735389985]
['beta', 16, 7, 0.82667857318446791]
['jab', 9, 4, 0.81093021621632877]
['ki', 63, 30, 0.74193734472937733]
['bus', 151, 73, 0.72682039566653311]
['octopus', 2, 1, 0.69314718055994529]
['rhea', 2, 1, 0.69314718055994529]
['bling', 2, 1, 0.69314718055994529]
['heavyweight', 2, 1, 0.69314718055994529]
['asin', 4, 2, 0.69314718055994529]
['lucknow', 10, 5, 0.69314718055994529]
['juice', 6, 3, 0.69314718055994529]
['faculty', 2, 1, 0.69314718055994529]
['burger', 2, 1, 0.69314718055994529]
['hob', 2, 1, 0.69314718055994529]
['pastry', 2, 1, 0.69314718055994529]
['surf', 2, 1, 0.69314718055994529]
['gun', 2, 1, 0.69314718055994529]
['median', 2, 1, 0.69314718055994529]
['firework', 2, 1, 0.69314718055994529]
['tuna', 2, 1, 0.69314718055994529]
['moat', 4, 2, 0.69314718055994529]
['noun', 2, 1, 0.69314718055994529]
['american', 2, 1, 0.69314718055994529]
['babu', 2, 1, 0.69314718055994529]
['ola', 2, 1, 0.69314718055994529]
['kob', 2, 1, 0.69314718055994529]
['funk', 2, 1, 0.69314718055994529]
['rat', 2, 1, 0.69314718055994529]
['coolie', 2, 1, 0.69314718055994529]
['ireland', 2, 1, 0.69314718055994529]
['clerk', 2, 1, 0.69314718055994529]
['clinton', 2, 1, 0.69314718055994529]
['prostitute', 2, 1, 0.69314718055994529]
['velvet', 2, 1, 0.69314718055994529]
['sarah', 2, 1, 0.69314718055994529]
['hen', 29, 15, 0.65924562888426397]
['ney', 13, 7, 0.61903920840622351]
['lee', 11, 6, 0.60613580357031549]
['par', 5, 3, 0.51082562376599072]
['ph', 5, 3, 0.51082562376599072]
['h', 2649, 1600, 0.50417858104419699]
['q', 139, 84, 0.50365713428737813]
['moo', 8, 5, 0.47000362924573563]
['han', 55, 36, 0.42381424677636087]
['ani', 3, 2, 0.40546510810816438]
['anne', 3, 2, 0.40546510810816438]
['tune', 3, 2, 0.40546510810816438]
['fir', 3, 2, 0.40546510810816438]
['mustard', 3, 2, 0.40546510810816438]
['mere', 13, 9, 0.36772478012531734]
['bumper', 4, 3, 0.28768207245178085]
['os', 8, 6, 0.28768207245178085]
['howe', 5, 4, 0.22314355131420976]
['lye', 16, 14, 0.13353139262452257]
['bey', 12, 11, 0.087011376989629699]
['hum', 497, 462, 0.073025135014889817]
['hay', 90, 84, 0.068992871486951421]
['cake', 100, 100, 0.0]
['powder', 19, 19, 0.0]
['hunter', 1, 1, 0.0]
['geophysics', 1, 1, 0.0]
['nay', 52, 52, 0.0]
['boar', 2, 2, 0.0]
['incest', 1, 1, 0.0]
['hare', 1, 1, 0.0]
['serf', 1, 1, 0.0]
['fad', 5, 5, 0.0]
['toke', 1, 1, 0.0]
['confidant', 1, 1, 0.0]
['dun', 1, 1, 0.0]
['boarding', 1, 1, 0.0]
['vacancy', 4, 4, 0.0]
['apse', 2, 2, 0.0]
['hame', 1, 1, 0.0]
['cheapness', 2, 2, 0.0]
['korea', 1, 1, 0.0]
['puncture', 2, 2, 0.0]
['ham', 1, 1, 0.0]
['watchman', 2, 2, 0.0]
['bouncer', 1, 1, 0.0]
['yak', 1, 1, 0.0]
['cookie', 1, 1, 0.0]
['xian', 1, 1, 0.0]
['oar', 1, 1, 0.0]
['tequila', 1, 1, 0.0]
['dropout', 1, 1, 0.0]
['tramp', 1, 1, 0.0]
['maine', 1, 1, 0.0]
['bonnet', 1, 1, 0.0]
['tod', 1, 1, 0.0]
['gram', 1, 1, 0.0]
['amish', 1, 1, 0.0]
['mime', 1, 1, 0.0]
['bag', 1, 1, 0.0]
['lesbian', 1, 1, 0.0]
['sop', 1, 1, 0.0]
['guinness', 1, 1, 0.0]
['babar', 1, 1, 0.0]
['dialogue', 2, 2, 0.0]
['transformer', 1, 1, 0.0]
['sa', 432, 478, -0.10118514424734563]
['hume', 30, 37, -0.20972053098206903]
['k', 1585, 1969, -0.21694139232774451]
['spelling', 21, 27, -0.25131442828090605]
['canadian', 13, 17, -0.26826398659467943]
['handle', 651, 878, -0.29913695142654745]
['hun', 81, 114, -0.3417492937220567]
['mat', 201, 293, -0.37686770095799155]
['biscuit', 2, 3, -0.40546510810816444]
['bethe', 2, 3, -0.40546510810816444]
['swad', 2, 3, -0.40546510810816444]
['hone', 80, 121, -0.41376391092285947]
['thane', 4, 7, -0.55961578793542277]
['yen', 3, 6, -0.69314718055994529]
['tay', 4, 8, -0.69314718055994529]
['watt', 3, 6, -0.69314718055994529]
['skate', 1, 2, -0.69314718055994529]
['ford', 1, 2, -0.69314718055994529]
['logo', 131, 275, -0.74157377446541972]
['log', 333, 710, -0.75712248005491734]
['matte', 2, 5, -0.916290731874155]
['ab', 488, 1234, -0.92770079861218602]
['bay', 32, 81, -0.92871325187271225]
['hue', 75, 213, -1.0438040521731147]
['orr', 2, 6, -1.0986122886681098]
['lund', 3, 10, -1.2039728043259361]
['beth', 3, 11, -1.2992829841302609]
['character', 655, 2439, -1.3147081625806682]
['oman', 1, 4, -1.3862943611198906]
['rand', 1, 4, -1.3862943611198906]
['christmas', 2, 93, -3.8394523125933104]
